1550369065.8599,2036.8442,10024.2283,55.42,0.51,1.0,5.0
1550369067.1768,2036.8426,10024.2298,34.80,0.09,1.0,4.0
1550369067.8505,2036.8413,10024.2308,154.39,0.13,1.0,4.0
1550369068.8616,2036.8412,10024.2307,157.67,0.11,1.0,4.0
1550369069.8733,2036.8412,10024.2307,275.35,0.07,1.0,4.0
1550369070.8902,2036.8412,10024.2308,169.69,0.08,1.0,4.0
1550369072.1699,2036.8413,10024.2308,91.01,0.36,1.0,4.0
1550369072.8416,2036.8417,10024.2305,85.44,0.34,1.0,4.0
1550369073.8533,2036.8425,10024.2301,89.17,0.33,1.0,4.0
1550369074.8651,2036.8431,10024.2295,67.23,0.72,1.0,4.0
1550369075.8406,2036.8443,10024.2291,53.48,0.54,1.0,4.0
1550369077.1575,2036.8457,10024.2285,77.35,0.50,1.0,4.0
1550369077.8626,2036.8462,10024.2284,67.47,0.40,1.0,4.0
1550369078.8426,2036.8469,10024.2282,46.68,0.39,1.0,4.0
1550369079.8625,2036.8473,10024.2276,52.70,0.49,1.0,4.0
1550369080.8425,2036.8474,10024.2275,48.01,0.65,1.0,4.0
1550369082.1625,2036.8476,10024.2271,44.06,1.01,1.0,4.0
1550369082.8625,2036.8473,10024.2269,63.91,0.91,1.0,4.0
1550369083.8739,2036.8475,10024.2265,52.27,1.15,1.0,4.0
1550369084.8415,2036.8478,10024.2260,59.66,1.20,1.0,4.0
1550369085.8619,2036.8481,10024.2255,69.89,1.27,1.0,4.0
1550369087.4097,2036.8483,10024.2254,61.54,1.09,1.0,4.0
1550369087.8737,2036.8488,10024.2252,39.96,1.18,1.0,4.0
1550369088.8600,2036.8492,10024.2252,30.71,1.12,1.0,4.0
1550369089.9861,2036.8497,10024.2250,26.37,1.10,1.0,4.0
1550369090.9542,2036.8503,10024.2254,359.45,1.32,1.0,4.0
1550369092.1712,2036.8509,10024.2254,357.50,1.45,1.0,4.0
1550369092.8709,2036.8511,10024.2255,354.07,1.14,1.0,4.0
1550369094.2221,2036.8514,10024.2257,350.82,1.26,1.0,4.0
1550369095.1068,2036.8519,10024.2262,341.32,1.60,1.0,4.0
1550369096.1549,2036.8523,10024.2267,333.64,1.69,1.0,4.0
1550369097.4819,2036.8528,10024.2270,337.24,1.68,1.0,4.0
1550369098.1803,2036.8533,10024.2275,333.68,1.85,1.0,4.0
1550369099.1519,2036.8540,10024.2279,330.03,1.88,1.0,4.0
1550369100.2373,2036.8544,10024.2284,322.57,1.63,1.0,4.0
1550369101.4020,2036.8548,10024.2286,319.55,1.47,1.0,4.0
1550369103.2219,2036.8550,10024.2296,321.82,1.69,1.0,5.0
1550369103.8365,2036.8551,10024.2304,313.28,1.66,1.0,5.0
1550369103.8719,2036.8552,10024.2312,309.49,1.69,1.0,5.0
1550369104.9019,2036.8555,10024.2317,311.22,1.81,1.0,5.0
1550369106.3070,2036.8561,10024.2322,316.06,2.05,1.0,5.0
1550369107.2687,2036.8566,10024.2325,319.53,2.03,1.0,5.0
1550369108.0107,2036.8570,10024.2332,305.74,2.07,1.0,5.0
1550369108.8922,2036.8572,10024.2338,300.26,1.81,1.0,5.0
1550369109.9036,2036.8575,10024.2342,295.09,1.64,1.0,5.0
1550369110.8805,2036.8576,10024.2345,288.60,1.48,1.0,5.0
1550369112.1578,2036.8578,10024.2350,290.18,1.76,1.0,5.0
1550369112.8689,2036.8580,10024.2355,295.85,1.81,1.0,5.0
1550369113.8801,2036.8582,10024.2361,285.40,1.82,1.0,5.0
1550369115.0121,2036.8584,10024.2364,284.31,1.58,1.0,5.0
1550369116.1621,2036.8586,10024.2370,282.99,1.76,1.0,5.0
1550369117.2216,2036.8586,10024.2375,275.92,1.73,1.0,5.0
1550369117.9819,2036.8587,10024.2380,276.28,1.69,1.0,5.0
1550369119.0713,2036.8588,10024.2387,275.09,1.93,1.0,5.0
1550369120.3670,2036.8589,10024.2393,278.60,1.89,1.0,5.0
1550369121.1392,2036.8589,10024.2399,271.09,1.92,1.0,5.0
1550369122.5580,2036.8588,10024.2405,266.49,1.87,1.0,5.0
1550369123.6920,2036.8588,10024.2412,263.52,1.83,1.0,5.0
1550369124.0977,2036.8588,10024.2417,264.41,1.78,1.0,5.0
1550369125.1422,2036.8587,10024.2423,259.83,1.82,1.0,5.0
1550369126.3021,2036.8587,10024.2429,260.31,1.84,1.0,5.0
1550369127.6837,2036.8586,10024.2434,264.93,1.85,1.0,5.0
1550369128.1356,2036.8585,10024.2438,259.92,1.70,1.0,5.0
1550369129.2691,2036.8584,10024.2443,254.62,1.78,1.0,5.0
1550369130.2775,2036.8582,10024.2447,251.42,1.77,1.0,5.0
1550369131.2119,2036.8580,10024.2452,253.16,1.69,1.0,5.0
1550369132.5765,2036.8578,10024.2461,258.67,2.09,1.0,5.0
1550369133.1633,2036.8576,10024.2468,257.65,2.16,1.0,5.0
1550369134.1419,2036.8574,10024.2474,256.87,2.17,1.0,5.0
1550369135.0979,2036.8572,10024.2480,256.05,2.06,1.0,5.0
1550369136.2089,2036.8572,10024.2481,257.76,1.59,1.0,5.0
1550369137.5819,2036.8571,10024.2485,257.81,1.63,1.0,5.0
1550369138.1840,2036.8570,10024.2492,260.06,1.96,1.0,5.0
1550369139.2043,2036.8568,10024.2498,254.79,1.91,1.0,5.0
1550369140.3520,2036.8565,10024.2503,247.38,1.88,1.0,5.0
1550369141.2903,2036.8562,10024.2510,248.68,2.00,1.0,5.0
1550369142.4347,2036.8560,10024.2519,254.42,2.34,1.0,5.0
1550369143.7521,2036.8557,10024.2523,245.36,2.16,1.0,5.0
1550369144.1774,2036.8555,10024.2529,246.26,2.15,1.0,5.0
1550369145.7160,2036.8552,10024.2537,248.49,2.27,1.0,5.0
1550369146.1349,2036.8550,10024.2542,250.42,2.21,1.0,5.0
1550369147.4764,2036.8549,10024.2547,251.49,2.14,1.0,5.0
1550369148.1719,2036.8548,10024.2553,253.53,2.05,1.0,5.0
1550369149.2019,2036.8547,10024.2557,256.96,1.80,1.0,5.0
1550369150.2006,2036.8546,10024.2565,260.49,2.08,1.0,5.0
1550369151.2041,2036.8547,10024.2571,271.34,2.08,1.0,5.0
1550369152.5020,2036.8547,10024.2575,270.11,1.77,1.0,5.0
1550369153.2129,2036.8547,10024.2579,268.69,1.74,1.0,5.0
1550369154.4019,2036.8545,10024.2583,269.22,1.30,1.0,5.0
1550369155.2172,2036.8545,10024.2588,264.68,1.46,1.0,5.0
1550369156.2490,2036.8540,10024.2595,257.54,1.65,1.0,5.0
1550369157.7120,2036.8539,10024.2599,258.20,1.56,1.0,5.0
1550369158.1295,2036.8538,10024.2602,255.68,1.26,1.0,5.0
1550369159.2833,2036.8533,10024.2611,254.48,1.83,1.0,5.0
1550369160.1974,2036.8531,10024.2615,249.67,1.69,1.0,5.0
1550369161.2119,2036.8527,10024.2623,246.79,2.08,1.0,5.0
1550369162.4351,2036.8529,10024.2629,265.00,2.17,1.0,5.0
1550369163.2837,2036.8526,10024.2637,258.70,2.14,1.0,5.0
1550369164.1324,2036.8523,10024.2644,253.66,2.28,1.0,5.0
1550369165.1801,2036.8519,10024.2649,243.06,2.12,1.0,5.0
1550369166.1619,2036.8517,10024.2654,244.22,2.08,1.0,5.0
1550369167.4078,2036.8516,10024.2657,244.84,1.84,1.0,5.0
1550369168.1319,2036.8514,10024.2663,247.30,2.05,1.0,5.0
1550369169.1780,2036.8516,10024.2669,263.50,2.08,1.0,5.0
1550369170.8321,2036.8515,10024.2674,259.06,1.90,1.0,5.0
1550369171.2134,2036.8514,10024.2676,248.97,1.46,1.0,5.0
1550369172.5771,2036.8514,10024.2676,247.24,1.02,1.0,5.0
1550369173.1961,2036.8515,10024.2676,233.16,0.70,1.0,5.0
1550369174.1579,2036.8515,10024.2675,231.69,0.49,1.0,5.0
1550369175.2189,2036.8516,10024.2676,233.90,0.41,1.0,5.0
1550369176.3047,2036.8517,10024.2675,229.38,0.36,1.0,5.0
1550369177.4936,2036.8516,10024.2675,223.08,0.33,1.0,5.0
1550369178.1579,2036.8516,10024.2676,221.05,0.28,1.0,5.0
1550369179.3420,2036.8515,10024.2676,248.20,0.24,1.0,5.0
1550369180.2919,2036.8515,10024.2677,302.43,0.25,1.0,5.0
1550369181.1346,2036.8515,10024.2677,109.34,0.22,1.0,5.0
1550369182.5623,2036.8515,10024.2677,142.31,0.23,1.0,5.0
1550369183.2319,2036.8515,10024.2676,146.40,0.35,1.0,5.0
1550369184.1663,2036.8514,10024.2676,352.29,0.10,1.0,5.0
1550369185.1671,2036.8514,10024.2676,356.51,0.17,1.0,5.0
1550369186.8433,2036.8514,10024.2676,313.44,0.06,1.0,5.0
1550369187.5970,2036.8515,10024.2676,282.22,0.09,1.0,5.0
1550369188.6219,2036.8515,10024.2676,310.47,0.11,1.0,5.0
1550369189.1663,2036.8515,10024.2677,275.12,0.05,1.0,5.0
1550369190.1485,2036.8515,10024.2677,184.67,0.22,1.0,5.0
1550369191.1439,2036.8514,10024.2677,205.26,0.27,1.0,5.0
1550369192.6465,2036.8513,10024.2677,259.81,0.26,1.0,5.0
1550369193.5620,2036.8513,10024.2678,232.07,0.17,1.0,5.0
1550369194.4060,2036.8513,10024.2678,201.50,0.30,1.0,5.0
1550369195.1497,2036.8512,10024.2679,214.75,0.40,1.0,5.0
1550369196.1806,2036.8511,10024.2679,121.09,0.07,1.0,5.0
1550369197.6529,2036.8511,10024.2679,157.61,0.19,1.0,5.0
1550369198.2621,2036.8510,10024.2679,102.80,0.53,1.0,6.0
1550369199.0528,2036.8510,10024.2677,104.23,0.46,1.0,6.0
1550369200.1400,2036.8510,10024.2676,93.66,0.31,1.0,6.0
1550369200.9750,2036.8510,10024.2675,140.14,0.23,1.0,6.0
1550369202.2975,2036.8509,10024.2675,146.45,0.18,1.0,6.0
1550369202.8730,2036.8509,10024.2674,177.62,0.26,1.0,6.0
1550369203.9871,2036.8508,10024.2674,210.87,0.32,1.0,6.0
1550369204.8700,2036.8507,10024.2675,264.38,1.17,1.0,6.0
1550369205.8756,2036.8507,10024.2680,258.39,1.37,1.0,6.0
1550369207.1914,2036.8508,10024.2684,261.34,1.23,1.0,6.0
1550369207.8630,2036.8506,10024.2689,250.73,1.37,1.0,6.0
1550369208.9596,2036.8505,10024.2693,246.43,1.43,1.0,6.0
1550369209.9076,2036.8505,10024.2698,256.00,1.50,1.0,6.0
1550369211.1713,2036.8505,10024.2703,254.37,1.42,1.0,6.0
1550369212.4574,2036.8505,10024.2709,261.05,1.48,1.0,6.0
1550369212.9581,2036.8505,10024.2711,261.44,1.24,1.0,6.0
1550369213.9070,2036.8505,10024.2717,261.93,1.53,1.0,6.0
1550369215.1720,2036.8505,10024.2721,259.79,1.47,1.0,6.0
1550369216.3040,2036.8506,10024.2725,264.67,1.38,1.0,6.0
1550369217.5719,2036.8507,10024.2729,268.32,1.38,1.0,6.0
1550369218.2152,2036.8506,10024.2733,259.69,1.46,1.0,6.0
1550369219.3203,2036.8506,10024.2736,254.14,1.35,1.0,6.0
1550369220.1969,2036.8506,10024.2742,260.97,1.58,1.0,6.0
1550369221.2878,2036.8506,10024.2747,265.89,1.62,1.0,6.0
1550369222.4916,2036.8505,10024.2753,259.06,1.69,1.0,6.0
1550369223.2429,2036.8505,10024.2758,263.25,1.71,1.0,6.0
1550369224.2888,2036.8505,10024.2763,265.75,1.73,1.0,6.0
1550369225.3532,2036.8505,10024.2768,262.77,1.69,1.0,6.0
1550369226.2540,2036.8506,10024.2774,270.50,1.73,1.0,6.0
1550369227.7647,2036.8505,10024.2778,261.77,1.56,1.0,6.0
1550369228.2919,2036.8504,10024.2782,259.75,1.46,1.0,6.0
1550369229.3219,2036.8505,10024.2787,267.84,1.53,1.0,6.0
1550369230.3088,2036.8504,10024.2792,262.37,1.63,1.0,6.0
1550369231.2296,2036.8503,10024.2797,259.65,1.58,1.0,6.0
1550369232.6456,2036.8502,10024.2802,262.08,1.65,1.0,6.0
1550369233.1425,2036.8502,10024.2807,265.76,1.66,1.0,6.0
1550369234.1619,2036.8502,10024.2814,268.92,1.86,1.0,6.0
1550369235.2619,2036.8498,10024.2819,253.47,1.75,1.0,6.0
1550369236.3357,2036.8501,10024.2824,278.10,1.74,1.0,6.0
1550369237.5654,2036.8498,10024.2833,259.52,1.94,1.0,6.0
1550369238.1921,2036.8498,10024.2838,263.20,1.85,1.0,6.0
1550369239.2004,2036.8497,10024.2844,262.58,1.91,1.0,6.0
1550369240.2494,2036.8497,10024.2847,265.97,1.61,1.0,6.0
1550369241.2554,2036.8496,10024.2853,262.02,1.64,1.0,6.0
1550369242.5029,2036.8495,10024.2858,260.04,1.66,1.0,6.0
1550369243.1828,2036.8494,10024.2862,259.42,1.52,1.0,6.0
1550369244.1803,2036.8495,10024.2868,271.13,1.50,1.0,6.0
1550369245.1562,2036.8498,10024.2874,283.12,1.53,1.0,6.0
1550369246.1973,2036.8501,10024.2879,291.82,1.60,1.0,6.0
1550369247.5086,2036.8504,10024.2882,299.74,1.54,1.0,6.0
1550369248.1358,2036.8508,10024.2888,299.42,1.74,1.0,6.0
1550369249.1857,2036.8510,10024.2893,298.24,1.64,1.0,6.0
1550369250.1371,2036.8514,10024.2899,299.14,1.92,1.0,6.0
1550369251.2155,2036.8516,10024.2906,293.43,1.97,1.0,6.0
1550369252.5038,2036.8520,10024.2912,292.01,1.98,1.0,6.0
1550369253.1544,2036.8524,10024.2918,296.77,2.18,1.0,6.0
1550369254.1522,2036.8527,10024.2924,298.82,2.20,1.0,6.0
1550369255.1780,2036.8528,10024.2930,292.29,1.96,1.0,6.0
1550369256.3500,2036.8529,10024.2936,287.75,1.97,1.0,6.0
1550369257.5584,2036.8531,10024.2939,290.62,1.71,1.0,6.0
1550369258.3641,2036.8534,10024.2943,298.66,1.68,1.0,7.0
1550369259.0693,2036.8536,10024.2947,300.48,1.62,1.0,7.0
1550369259.9102,2036.8539,10024.2951,308.19,1.72,1.0,7.0
1550369260.9792,2036.8540,10024.2955,298.91,1.56,1.0,7.0
1550369262.2250,2036.8543,10024.2960,303.44,1.67,1.0,7.0
1550369262.8945,2036.8546,10024.2965,309.53,1.87,1.0,7.0
1550369263.8773,2036.8550,10024.2971,307.96,2.28,1.0,7.0
1550369264.8568,2036.8555,10024.2977,313.83,1.62,1.0,7.0
1550369266.1364,2036.8558,10024.2981,307.53,1.39,1.0,7.0
1550369267.1953,2036.8563,10024.2984,329.05,2.13,1.0,7.0
1550369267.8945,2036.8566,10024.2988,289.93,1.34,1.0,7.0
1550369268.9071,2036.8568,10024.2992,291.05,1.48,1.0,7.0
1550369269.9461,2036.8570,10024.2997,288.69,1.58,1.0,7.0
1550369270.8981,2036.8570,10024.3000,281.58,1.17,1.0,7.0
1550369272.1862,2036.8571,10024.3004,271.55,1.23,1.0,7.0
1550369272.8537,2036.8572,10024.3009,276.52,1.34,1.0,7.0
1550369273.8952,2036.8571,10024.3013,263.48,1.23,1.0,7.0
1550369274.8768,2036.8571,10024.3017,259.60,1.30,1.0,7.0
1550369275.8941,2036.8570,10024.3023,250.67,1.59,1.0,7.0
1550369277.4591,2036.8567,10024.3027,234.08,1.72,1.0,7.0
1550369278.2190,2036.8565,10024.3030,233.62,0.83,1.0,7.0
1550369279.2561,2036.8561,10024.3031,201.80,1.65,1.0,7.0
1550369280.2595,2036.8557,10024.3033,200.62,1.57,1.0,7.0
1550369281.2241,2036.8555,10024.3037,214.08,1.38,1.0,7.0
1550369282.6524,2036.8551,10024.3040,206.77,1.55,1.0,7.0
1550369283.2599,2036.8547,10024.3041,193.13,1.62,1.0,7.0
1550369284.2970,2036.8544,10024.3043,184.28,1.32,1.0,7.0
1550369285.2722,2036.8540,10024.3044,184.71,1.47,1.0,7.0
1550369286.1815,2036.8536,10024.3047,192.48,1.57,1.0,7.0
1550369287.4844,2036.8534,10024.3044,148.26,1.15,1.0,7.0
1550369288.1645,2036.8530,10024.3043,149.51,1.25,1.0,7.0
1550369289.2365,2036.8527,10024.3043,157.55,1.38,1.0,7.0
1550369290.3873,2036.8523,10024.3042,159.25,1.37,1.0,7.0
1550369291.2228,2036.8520,10024.3040,158.08,1.33,1.0,7.0
1550369292.4872,2036.8516,10024.3037,145.29,1.48,1.0,7.0
1550369293.1330,2036.8513,10024.3035,142.60,1.52,1.0,7.0
1550369294.1518,2036.8510,10024.3032,132.61,1.52,1.0,7.0
1550369295.2519,2036.8510,10024.3029,108.73,1.18,1.0,7.0
1550369296.6546,2036.8510,10024.3026,101.44,1.29,1.0,7.0
1550369297.5019,2036.8509,10024.3023,102.40,1.27,1.0,7.0
1550369298.2996,2036.8508,10024.3020,109.62,1.20,1.0,7.0
1550369299.1854,2036.8509,10024.3019,87.16,0.96,1.0,7.0
1550369300.4019,2036.8509,10024.3015,75.56,1.15,1.0,7.0
1550369301.1561,2036.8511,10024.3010,76.83,1.47,1.0,7.0
1550369302.6722,2036.8512,10024.3006,66.80,1.57,1.0,7.0
1550369303.2091,2036.8515,10024.3002,55.79,1.65,1.0,7.0
1550369304.2119,2036.8518,10024.2998,40.19,1.53,1.0,7.0
1550369305.2319,2036.8522,10024.2994,32.32,1.61,1.0,7.0
1550369306.1801,2036.8526,10024.2990,50.43,1.79,1.0,7.0
1550369307.4453,2036.8530,10024.2987,9.38,1.65,1.0,7.0
1550369308.1446,2036.8534,10024.2986,14.14,1.56,1.0,7.0
1550369309.1578,2036.8539,10024.2985,8.95,1.82,1.0,7.0
1550369310.1959,2036.8544,10024.2984,5.17,1.80,1.0,7.0
1550369311.1430,2036.8549,10024.2984,349.39,1.65,1.0,7.0
1550369312.5792,2036.8554,10024.2984,344.74,1.60,1.0,7.0
1550369313.4201,2036.8557,10024.2986,338.61,1.29,1.0,7.0
1550369314.1325,2036.8562,10024.2987,333.56,1.66,1.0,7.0
1550369315.1444,2036.8566,10024.2990,327.96,1.62,1.0,7.0
1550369316.1263,2036.8569,10024.2993,319.31,1.61,1.0,7.0
1550369317.4777,2036.8573,10024.2996,321.60,1.68,1.0,7.0
1550369318.1777,2036.8576,10024.3000,301.89,1.74,1.0,7.0
1550369319.1282,2036.8578,10024.3004,291.66,1.87,1.0,7.0
1550369320.2287,2036.8580,10024.3009,295.68,1.74,1.0,7.0
1550369321.1759,2036.8582,10024.3013,296.25,1.67,1.0,7.0
1550369322.4456,2036.8583,10024.3018,279.10,1.95,1.0,7.0
1550369323.1782,2036.8583,10024.3023,266.51,1.84,1.0,7.0
1550369324.2221,2036.8582,10024.3029,271.16,1.89,1.0,7.0
1550369325.4041,2036.8582,10024.3035,272.14,2.05,1.0,7.0
1550369326.4619,2036.8581,10024.3041,265.91,2.11,1.0,7.0
1550369327.4869,2036.8581,10024.3048,278.95,2.14,1.0,7.0
1550369328.1419,2036.8581,10024.3054,264.43,1.98,1.0,7.0
1550369329.1719,2036.8580,10024.3061,269.73,2.04,1.0,7.0
1550369330.1373,2036.8580,10024.3067,270.92,1.99,1.0,7.0
1550369331.1859,2036.8580,10024.3073,274.61,1.99,1.0,7.0
1550369332.4577,2036.8580,10024.3079,266.38,2.19,1.0,7.0
1550369333.1321,2036.8580,10024.3085,261.65,2.25,1.0,7.0
1550369334.1760,2036.8579,10024.3092,266.70,2.43,1.0,7.0
1550369335.1464,2036.8578,10024.3098,268.74,1.77,1.0,7.0
1550369336.1615,2036.8577,10024.3103,252.46,1.78,1.0,7.0
1550369337.4480,2036.8575,10024.3107,253.52,1.91,1.0,7.0
1550369338.1172,2036.8573,10024.3112,248.30,1.92,1.0,7.0
1550369339.1920,2036.8573,10024.3119,271.75,2.01,1.0,7.0
1550369340.1517,2036.8573,10024.3124,270.86,2.08,1.0,7.0
1550369341.2037,2036.8573,10024.3130,273.24,1.80,1.0,7.0
1550369342.5221,2036.8574,10024.3136,278.36,1.80,1.0,7.0
1550369343.2276,2036.8573,10024.3141,252.46,1.47,1.0,7.0
1550369344.2280,2036.8572,10024.3144,256.53,1.15,1.0,7.0
1550369345.1954,2036.8572,10024.3147,283.19,0.84,1.0,7.0
1550369346.3468,2036.8573,10024.3151,281.69,1.04,1.0,7.0
1550369347.7019,2036.8575,10024.3155,284.80,1.18,1.0,7.0
1550369348.3408,2036.8576,10024.3160,292.90,1.32,1.0,7.0
1550369349.2319,2036.8579,10024.3163,296.87,1.32,1.0,7.0
1550369350.1819,2036.8580,10024.3167,294.82,1.19,1.0,7.0
1550369351.2569,2036.8581,10024.3172,286.87,1.41,1.0,7.0
1550369352.6908,2036.8584,10024.3178,292.64,1.60,1.0,7.0
1550369353.1700,2036.8586,10024.3184,291.07,1.65,1.0,7.0
1550369354.3007,2036.8590,10024.3191,297.04,1.77,1.0,7.0
1550369355.2124,2036.8593,10024.3199,305.49,1.98,1.0,7.0
1550369356.1895,2036.8597,10024.3206,299.56,2.30,1.0,7.0
1550369357.4615,2036.8600,10024.3214,294.40,2.14,1.0,7.0
1550369358.4613,2036.8603,10024.3222,288.81,2.50,1.0,7.0
1550369359.2019,2036.8606,10024.3230,292.64,2.94,1.0,7.0
1550369360.1819,2036.8610,10024.3238,296.85,2.71,1.0,7.0
1550369361.1633,2036.8614,10024.3245,293.84,2.56,1.0,7.0
1550369362.5147,2036.8617,10024.3251,301.05,1.97,1.0,7.0
1550369363.1690,2036.8620,10024.3254,314.16,1.54,1.0,7.0
1550369364.1190,2036.8622,10024.3259,287.96,1.60,1.0,7.0
1550369365.2750,2036.8624,10024.3264,289.68,1.94,1.0,7.0
1550369366.5019,2036.8625,10024.3268,291.60,1.60,1.0,7.0
1550369367.9619,2036.8627,10024.3272,307.57,1.73,1.0,7.0
1550369368.3745,2036.8630,10024.3277,299.27,1.63,1.0,7.0
1550369369.3513,2036.8631,10024.3281,282.16,1.57,1.0,7.0
1550369370.1782,2036.8632,10024.3288,271.85,1.54,1.0,7.0
1550369371.1394,2036.8633,10024.3293,261.79,1.73,1.0,7.0
1550369372.8565,2036.8636,10024.3302,292.85,2.99,1.0,7.0
1550369373.2010,2036.8640,10024.3309,306.62,2.30,1.0,7.0
1550369374.0992,2036.8643,10024.3315,296.81,2.37,1.0,7.0
1550369375.2742,2036.8646,10024.3319,311.67,2.25,1.0,7.0
1550369376.2395,2036.8649,10024.3323,288.80,1.72,1.0,7.0
1550369377.5024,2036.8652,10024.3330,283.19,2.87,1.0,7.0
1550369378.1597,2036.8654,10024.3336,279.82,1.95,1.0,7.0
1550369379.1717,2036.8655,10024.3340,283.13,2.01,1.0,7.0
1550369380.1556,2036.8658,10024.3347,291.17,2.44,1.0,7.0
1550369381.2063,2036.8660,10024.3352,291.38,2.10,1.0,7.0
1550369382.4975,2036.8661,10024.3358,276.60,1.94,1.0,7.0
1550369383.2075,2036.8663,10024.3364,293.46,2.02,1.0,7.0
1550369384.2081,2036.8665,10024.3372,281.10,2.12,1.0,7.0
1550369385.1586,2036.8668,10024.3376,292.45,1.49,1.0,7.0
1550369386.2092,2036.8670,10024.3379,310.32,1.18,1.0,7.0
1550369387.5096,2036.8673,10024.3381,308.93,0.87,1.0,7.0
1550369388.2063,2036.8676,10024.3385,316.04,1.48,1.0,7.0
1550369389.2111,2036.8679,10024.3390,296.93,2.08,1.0,7.0
1550369390.2118,2036.8680,10024.3395,280.22,1.80,1.0,7.0
1550369391.1946,2036.8681,10024.3401,272.68,1.89,1.0,7.0
1550369392.4604,2036.8680,10024.3405,223.59,1.16,1.0,7.0
1550369393.1945,2036.8683,10024.3410,253.52,1.09,1.0,7.0
1550369394.2050,2036.8685,10024.3414,255.03,1.02,1.0,7.0
1550369395.3067,2036.8693,10024.3420,286.60,1.09,1.0,7.0
1550369396.1518,2036.8696,10024.3425,282.74,1.27,1.0,7.0
1550369397.6511,2036.8705,10024.3438,282.15,1.78,1.0,7.0
1550369398.2120,2036.8712,10024.3447,289.45,1.84,1.0,7.0
1550369399.1519,2036.8717,10024.3453,290.78,1.89,1.0,7.0
1550369400.1819,2036.8721,10024.3459,289.65,1.92,1.0,7.0
1550369401.2922,2036.8722,10024.3466,276.69,1.94,1.0,7.0
1550369402.5514,2036.8725,10024.3471,279.70,1.78,1.0,7.0
1550369403.2019,2036.8728,10024.3480,281.00,2.03,1.0,7.0
1550369404.2443,2036.8732,10024.3489,284.66,2.14,1.0,7.0
1550369405.2040,2036.8736,10024.3496,284.05,2.15,1.0,7.0
1550369406.1652,2036.8743,10024.3502,292.21,2.05,1.0,7.0
1550369407.5353,2036.8746,10024.3506,286.91,1.73,1.0,7.0
1550369408.5679,2036.8750,10024.3514,287.16,1.92,1.0,7.0
1550369409.2299,2036.8754,10024.3520,289.26,1.88,1.0,7.0
1550369410.2924,2036.8758,10024.3526,289.27,1.91,1.0,7.0
1550369411.2030,2036.8762,10024.3529,301.65,1.61,1.0,7.0
1550369412.4613,2036.8763,10024.3535,287.33,1.49,1.0,7.0
1550369413.1504,2036.8770,10024.3547,297.46,2.32,1.0,7.0
1550369414.1623,2036.8773,10024.3553,296.46,2.20,1.0,7.0
1550369415.2042,2036.8775,10024.3559,291.26,2.20,1.0,7.0
1550369416.1594,2036.8780,10024.3568,295.24,2.54,1.0,7.0
1550369417.4813,2036.8783,10024.3574,296.45,2.55,1.0,7.0
1550369418.1542,2036.8783,10024.3578,288.43,1.90,1.0,7.0
1550369419.2029,2036.8786,10024.3581,291.44,1.72,1.0,7.0
1550369420.3020,2036.8788,10024.3582,287.97,1.42,1.0,7.0
1550369421.4673,2036.8790,10024.3588,286.53,1.75,1.0,7.0
1550369422.6236,2036.8792,10024.3592,286.72,1.64,1.0,7.0
1550369423.4911,2036.8792,10024.3597,280.42,1.59,1.0,7.0
1550369424.2225,2036.8793,10024.3602,282.20,1.63,1.0,7.0
1550369426.1231,2036.8792,10024.3608,275.72,1.69,1.0,7.0
1550369426.2520,2036.8791,10024.3613,276.65,1.61,1.0,7.0
1550369427.4629,2036.8790,10024.3617,273.79,1.58,1.0,7.0
1550369428.1671,2036.8789,10024.3621,272.29,1.51,1.0,7.0
1550369429.2905,2036.8788,10024.3628,271.02,1.72,1.0,7.0
1550369430.2064,2036.8787,10024.3634,266.50,1.80,1.0,7.0
1550369431.2202,2036.8789,10024.3641,281.80,1.94,1.0,7.0
1550369432.5916,2036.8791,10024.3646,286.54,1.93,1.0,7.0
1550369433.3757,2036.8792,10024.3655,282.13,2.12,1.0,7.0
1550369434.3019,2036.8793,10024.3660,282.04,1.93,1.0,7.0
1550369435.3072,2036.8794,10024.3664,286.49,1.75,1.0,7.0
1550369436.2619,2036.8796,10024.3670,288.73,1.75,1.0,7.0
1550369437.6526,2036.8797,10024.3677,277.24,1.95,1.0,7.0
1550369438.5036,2036.8799,10024.3682,281.55,1.68,1.0,7.0
1550369439.2201,2036.8800,10024.3685,286.15,1.43,1.0,7.0
1550369440.2344,2036.8801,10024.3690,280.31,1.44,1.0,7.0
1550369441.1719,2036.8801,10024.3693,260.06,1.18,1.0,7.0
1550369442.4811,2036.8800,10024.3695,246.34,0.96,1.0,7.0
1550369443.2113,2036.8799,10024.3699,253.15,1.14,1.0,7.0
1550369444.2368,2036.8797,10024.3703,241.24,1.37,1.0,7.0
1550369445.3295,2036.8795,10024.3707,239.82,1.31,1.0,7.0
1550369446.2434,2036.8794,10024.3711,246.80,1.46,1.0,7.0
1550369447.5741,2036.8793,10024.3716,259.70,1.50,1.0,7.0
1550369448.1719,2036.8792,10024.3721,259.23,1.50,1.0,7.0
1550369449.1859,2036.8791,10024.3724,253.96,1.43,1.0,7.0
1550369450.2981,2036.8790,10024.3727,252.68,1.29,1.0,7.0
1550369451.2501,2036.8789,10024.3730,254.97,1.12,1.0,7.0
1550369452.5125,2036.8788,10024.3731,248.46,0.88,1.0,7.0
1550369453.2527,2036.8787,10024.3732,245.98,0.71,1.0,7.0
1550369454.2541,2036.8787,10024.3732,248.95,0.49,1.0,7.0
1550369455.2019,2036.8788,10024.3734,282.28,0.51,2.0,7.0
1550369456.1766,2036.8789,10024.3734,293.27,0.47,2.0,7.0
1550369457.5311,2036.8790,10024.3733,303.35,0.30,2.0,7.0
1550369458.2571,2036.8790,10024.3733,299.66,0.25,2.0,7.0
1550369459.3232,2036.8791,10024.3733,318.46,0.20,2.0,7.0
1550369460.1721,2036.8791,10024.3734,278.18,0.27,2.0,7.0
1550369461.2360,2036.8791,10024.3736,272.70,0.34,2.0,7.0
1550369462.5812,2036.8791,10024.3736,278.27,0.26,2.0,7.0
1550369463.1832,2036.8791,10024.3737,261.56,0.19,2.0,7.0
1550369464.1819,2036.8792,10024.3737,292.06,0.13,2.0,7.0
1550369465.2686,2036.8792,10024.3737,291.27,0.12,2.0,7.0
1550369466.2920,2036.8792,10024.3735,106.77,0.13,2.0,7.0
1550369467.7156,2036.8792,10024.3734,140.18,0.11,2.0,7.0
1550369468.2542,2036.8791,10024.3735,189.93,0.20,2.0,7.0
1550369469.1909,2036.8791,10024.3733,122.96,0.10,2.0,7.0
1550369470.2041,2036.8792,10024.3732,82.60,0.15,2.0,7.0
1550369471.2161,2036.8791,10024.3731,93.47,0.11,2.0,7.0
1550369472.5536,2036.8791,10024.3731,124.14,0.09,2.0,7.0
1550369473.2571,2036.8792,10024.3731,67.90,0.08,2.0,7.0
1550369474.3013,2036.8792,10024.3731,16.99,0.10,2.0,7.0
1550369475.2722,2036.8792,10024.3731,303.67,0.06,2.0,7.0
1550369476.1785,2036.8792,10024.3730,309.87,0.02,2.0,7.0
1550369477.5939,2036.8792,10024.3729,107.54,0.06,2.0,7.0
1550369478.3124,2036.8791,10024.3729,156.44,0.08,2.0,7.0
1550369479.2053,2036.8792,10024.3728,103.23,0.16,2.0,7.0
1550369480.1900,2036.8792,10024.3727,84.89,0.16,2.0,7.0
1550369481.1688,2036.8792,10024.3727,214.64,0.02,2.0,7.0
1550369482.5252,2036.8792,10024.3726,138.03,0.17,2.0,7.0
1550369483.1586,2036.8793,10024.3726,310.20,0.02,2.0,7.0
1550369484.1712,2036.8793,10024.3727,273.96,0.18,2.0,7.0
1550369485.1637,2036.8793,10024.3727,248.91,0.13,2.0,7.0
1550369486.1757,2036.8794,10024.3723,113.82,0.07,2.0,7.0
1550369487.4935,2036.8790,10024.3722,174.81,0.66,2.0,7.0
1550369488.2160,2036.8787,10024.3721,179.62,0.90,2.0,7.0
1550369489.2276,2036.8788,10024.3723,202.22,0.60,2.0,7.0
1550369490.1702,2036.8789,10024.3723,211.53,0.26,2.0,7.0
1550369491.2315,2036.8792,10024.3724,316.43,0.37,2.0,7.0
1550369492.5595,2036.8793,10024.3729,282.87,0.80,2.0,7.0
1550369493.2688,2036.8792,10024.3731,261.05,0.94,2.0,7.0
1550369494.1829,2036.8789,10024.3733,228.50,1.15,2.0,7.0
1550369495.2286,2036.8786,10024.3735,221.13,1.33,2.0,7.0
1550369496.2404,2036.8783,10024.3735,209.35,1.20,2.0,7.0
1550369497.6019,2036.8780,10024.3737,208.68,1.06,2.0,7.0
1550369498.3119,2036.8780,10024.3738,228.26,0.64,2.0,7.0
1550369499.7418,2036.8780,10024.3739,245.19,0.44,2.0,7.0
1550369501.1822,2036.8780,10024.3740,238.87,0.36,2.0,7.0
1550369501.6926,2036.8777,10024.3739,185.44,0.58,2.0,7.0
1550369502.7220,2036.8774,10024.3740,178.08,0.51,2.0,7.0
1550369503.3019,2036.8773,10024.3740,190.52,0.60,2.0,7.0
1550369504.1919,2036.8770,10024.3742,201.63,0.95,2.0,7.0
1550369505.7319,2036.8765,10024.3745,202.86,1.28,2.0,7.0
1550369506.1741,2036.8761,10024.3748,210.36,1.47,2.0,6.0
1550369507.5219,2036.8758,10024.3752,214.84,1.53,2.0,7.0
1550369508.3713,2036.8754,10024.3755,214.99,1.64,2.0,7.0
1550369509.2720,2036.8749,10024.3756,203.24,1.58,2.0,7.0
1550369510.3400,2036.8746,10024.3758,206.57,1.38,2.0,7.0
1550369511.1963,2036.8741,10024.3760,199.44,1.55,2.0,7.0
1550369512.5219,2036.8737,10024.3760,192.37,1.49,2.0,7.0
1550369513.3981,2036.8733,10024.3760,188.35,1.46,2.0,7.0
1550369514.4154,2036.8730,10024.3758,174.30,1.36,2.0,7.0
1550369516.1919,2036.8727,10024.3754,155.42,1.37,2.0,7.0
1550369516.4019,2036.8723,10024.3753,155.17,1.35,2.0,7.0
1550369517.5286,2036.8720,10024.3749,142.92,1.26,2.0,7.0
1550369518.1405,2036.8719,10024.3747,124.97,1.02,2.0,7.0
1550369519.1804,2036.8718,10024.3743,117.39,1.04,2.0,7.0
1550369520.2011,2036.8716,10024.3740,116.86,1.05,2.0,7.0
1550369521.1409,2036.8715,10024.3738,115.01,0.99,2.0,7.0
1550369522.5006,2036.8713,10024.3732,112.12,1.37,2.0,7.0
1550369523.1792,2036.8712,10024.3727,109.86,1.51,2.0,7.0
1550369524.4447,2036.8712,10024.3724,106.49,1.44,2.0,7.0
1550369525.2804,2036.8710,10024.3720,107.82,1.43,2.0,7.0
1550369526.2894,2036.8710,10024.3715,97.60,1.50,2.0,7.0
1550369527.6967,2036.8711,10024.3711,84.04,1.52,2.0,7.0
1550369528.2661,2036.8712,10024.3707,77.60,1.47,2.0,7.0
1550369529.5699,2036.8715,10024.3703,69.10,1.47,2.0,7.0
1550369530.3225,2036.8718,10024.3699,59.18,1.55,2.0,7.0
1550369531.2145,2036.8722,10024.3695,52.37,1.62,2.0,7.0
1550369532.5819,2036.8725,10024.3692,50.50,1.49,2.0,7.0
1550369533.1982,2036.8729,10024.3689,44.27,1.49,2.0,7.0
1550369534.2404,2036.8731,10024.3687,40.90,1.35,2.0,7.0
1550369535.2294,2036.8736,10024.3687,31.09,1.39,2.0,7.0
1550369536.1894,2036.8740,10024.3685,28.22,1.50,2.0,7.0
1550369537.4902,2036.8743,10024.3685,21.70,1.26,2.0,7.0
1550369538.2443,2036.8747,10024.3684,17.49,1.30,2.0,7.0
1550369539.2298,2036.8751,10024.3684,13.12,1.24,2.0,7.0
1550369540.1872,2036.8754,10024.3683,12.76,1.29,2.0,7.0
1550369541.2319,2036.8758,10024.3682,7.20,1.29,2.0,7.0
1550369542.5128,2036.8763,10024.3684,358.26,1.36,2.0,7.0
1550369543.2224,2036.8766,10024.3684,357.56,1.22,2.0,7.0
1550369544.1881,2036.8770,10024.3686,346.68,1.09,2.0,7.0
1550369545.3186,2036.8774,10024.3689,338.42,1.13,2.0,7.0
1550369546.3925,2036.8778,10024.3695,320.68,1.30,2.0,7.0
1550369547.4919,2036.8781,10024.3699,314.84,1.33,2.0,7.0
1550369548.1992,2036.8785,10024.3702,314.66,1.39,2.0,7.0
1550369549.1686,2036.8786,10024.3707,298.52,1.31,2.0,7.0
1550369550.2103,2036.8787,10024.3712,278.53,1.24,2.0,7.0
1550369551.2790,2036.8788,10024.3716,278.06,1.10,2.0,7.0
1550369552.5526,2036.8789,10024.3716,308.58,0.64,2.0,7.0
1550369553.1888,2036.8790,10024.3717,296.32,0.46,2.0,7.0
1550369554.1702,2036.8791,10024.3717,306.01,0.35,2.0,7.0
1550369555.2211,2036.8790,10024.3715,41.18,0.11,2.0,7.0
1550369556.2331,2036.8790,10024.3714,64.73,0.04,2.0,7.0
1550369557.5073,2036.8790,10024.3714,95.20,0.08,2.0,7.0
1550369558.2843,2036.8790,10024.3714,126.92,0.22,2.0,7.0
1550369559.3522,2036.8789,10024.3713,14.07,0.13,2.0,7.0
1550369560.2609,2036.8790,10024.3713,1.28,0.14,2.0,7.0
1550369561.1910,2036.8790,10024.3713,157.93,0.08,2.0,7.0
1550369562.5291,2036.8790,10024.3713,279.82,0.27,2.0,7.0
1550369563.1950,2036.8790,10024.3714,233.09,0.42,2.0,7.0
1550369564.2069,2036.8789,10024.3715,263.32,0.53,2.0,7.0
1550369565.7538,2036.8789,10024.3716,248.19,0.93,2.0,7.0
1550369566.9601,2036.8791,10024.3719,252.02,0.99,2.0,7.0
1550369567.7020,2036.8793,10024.3725,271.70,1.77,2.0,7.0
1550369568.1896,2036.8794,10024.3729,294.48,0.88,2.0,7.0
1550369569.7598,2036.8795,10024.3734,277.05,1.32,2.0,7.0
1550369570.2099,2036.8795,10024.3740,262.27,1.80,2.0,7.0
1550369571.1953,2036.8794,10024.3745,259.81,1.82,2.0,7.0
1550369572.5496,2036.8792,10024.3751,254.78,1.81,2.0,7.0
1550369573.2711,2036.8790,10024.3757,251.20,1.85,2.0,7.0
1550369574.2020,2036.8788,10024.3763,268.56,2.13,2.0,7.0
1550369575.1843,2036.8787,10024.3769,259.28,1.60,2.0,7.0
1550369576.2568,2036.8786,10024.3774,259.25,1.32,2.0,7.0
1550369577.5334,2036.8786,10024.3779,279.30,1.43,2.0,7.0
1550369578.1640,2036.8789,10024.3785,298.75,1.96,2.0,7.0
1550369579.1767,2036.8791,10024.3790,290.60,1.27,2.0,7.0
1550369580.2684,2036.8791,10024.3792,285.98,0.78,2.0,7.0
1550369581.2189,2036.8791,10024.3793,259.85,0.39,2.0,7.0
1550369582.4920,2036.8792,10024.3795,295.87,0.68,2.0,7.0
1550369583.2241,2036.8792,10024.3796,274.33,0.32,2.0,7.0
1550369584.1788,2036.8791,10024.3796,189.45,0.22,2.0,7.0
1550369585.3019,2036.8791,10024.3797,238.72,0.24,2.0,7.0
1550369586.1801,2036.8791,10024.3797,172.11,0.11,2.0,7.0
1550369587.5639,2036.8790,10024.3797,316.28,0.46,2.0,7.0
1550369588.2146,2036.8791,10024.3798,321.34,0.20,2.0,7.0
1550369589.2151,2036.8792,10024.3798,36.22,0.19,2.0,7.0
1550369590.2157,2036.8792,10024.3798,318.29,0.25,2.0,7.0
1550369591.2164,2036.8793,10024.3798,169.65,0.11,2.0,7.0
1550369592.5169,2036.8792,10024.3798,56.91,0.03,2.0,7.0
1550369593.2177,2036.8792,10024.3798,321.61,0.61,2.0,7.0
1550369594.2419,2036.8795,10024.3802,302.54,1.53,2.0,7.0
1550369595.1731,2036.8797,10024.3806,311.74,1.51,2.0,7.0
1550369596.1881,2036.8800,10024.3809,293.90,1.40,2.0,7.0
1550369597.5247,2036.8801,10024.3814,283.04,1.61,2.0,7.0
1550369598.3507,2036.8803,10024.3819,282.31,1.94,2.0,7.0
1550369599.3066,2036.8804,10024.3824,270.54,1.82,2.0,7.0
1550369600.6464,2036.8804,10024.3830,267.91,1.95,2.0,7.0
1550369601.3019,2036.8803,10024.3835,246.33,1.63,2.0,7.0
1550369602.5428,2036.8801,10024.3841,253.35,2.07,2.0,7.0
1550369603.2849,2036.8800,10024.3845,254.04,1.43,2.0,7.0
1550369604.2320,2036.8799,10024.3849,252.85,1.37,2.0,7.0
1550369605.1652,2036.8798,10024.3856,260.40,1.72,2.0,7.0
1550369606.1862,2036.8799,10024.3861,263.45,1.76,2.0,7.0
1550369607.6120,2036.8801,10024.3870,272.64,2.08,2.0,7.0
1550369608.7220,2036.8803,10024.3875,276.55,1.94,2.0,7.0
1550369609.3626,2036.8804,10024.3880,279.52,1.78,2.0,7.0
1550369610.3940,2036.8805,10024.3886,274.15,1.88,2.0,7.0
1550369611.2233,2036.8805,10024.3891,271.61,1.81,2.0,7.0
1550369612.6254,2036.8805,10024.3896,273.09,1.73,2.0,7.0
1550369613.1576,2036.8805,10024.3903,272.57,1.89,2.0,7.0
1550369614.2519,2036.8806,10024.3909,271.88,1.93,2.0,7.0
1550369615.2300,2036.8806,10024.3914,273.04,1.90,2.0,7.0
1550369616.2714,2036.8807,10024.3919,275.41,1.74,2.0,7.0
1550369617.6119,2036.8807,10024.3923,274.80,1.59,2.0,7.0
1550369618.2406,2036.8807,10024.3926,272.29,1.44,2.0,7.0
1550369619.2244,2036.8806,10024.3931,265.41,1.50,2.0,7.0
1550369620.3608,2036.8807,10024.3935,270.76,1.49,2.0,7.0
1550369621.2328,2036.8807,10024.3938,271.17,1.46,2.0,7.0
1550369622.6019,2036.8808,10024.3942,273.77,1.31,2.0,7.0
1550369623.3130,2036.8808,10024.3945,275.05,1.26,2.0,7.0
1550369624.1907,2036.8806,10024.3951,261.43,1.63,2.0,7.0
1550369625.2734,2036.8806,10024.3954,264.83,1.44,2.0,7.0
1550369626.2271,2036.8804,10024.3957,256.73,1.30,2.0,7.0
1550369627.4891,2036.8804,10024.3961,257.75,1.34,2.0,7.0
1550369628.2579,2036.8802,10024.3964,254.99,1.41,2.0,7.0
1550369629.3212,2036.8801,10024.3970,251.75,1.60,2.0,7.0
1550369630.1941,2036.8801,10024.3975,251.49,1.63,2.0,7.0
1550369631.4582,2036.8799,10024.3977,246.03,1.39,2.0,7.0
1550369632.5224,2036.8797,10024.3983,245.94,1.61,2.0,7.0
1550369633.1839,2036.8795,10024.3988,249.16,1.85,2.0,7.0
1550369634.2204,2036.8795,10024.3995,255.84,1.93,2.0,7.0
1550369635.1691,2036.8795,10024.4000,260.76,1.97,2.0,7.0
1550369636.2290,2036.8794,10024.4004,259.36,1.79,2.0,7.0
1550369637.5459,2036.8792,10024.4008,256.06,1.75,2.0,7.0
1550369638.1563,2036.8790,10024.4011,256.16,1.60,2.0,7.0
1550369639.2133,2036.8790,10024.4015,256.14,1.51,2.0,7.0
1550369640.2252,2036.8789,10024.4020,259.82,1.62,2.0,7.0
1550369641.1623,2036.8790,10024.4025,264.97,1.60,2.0,7.0
1550369642.4812,2036.8790,10024.4028,268.15,1.39,2.0,7.0
1550369643.2294,2036.8792,10024.4033,272.41,1.37,2.0,7.0
1550369644.2143,2036.8792,10024.4037,274.55,1.41,2.0,7.0
1550369645.1893,2036.8792,10024.4041,264.93,1.57,2.0,7.0
1550369646.2141,2036.8793,10024.4046,271.79,1.62,2.0,7.0
1550369647.5012,2036.8791,10024.4052,262.19,1.74,2.0,7.0
1550369648.1914,2036.8791,10024.4057,263.61,1.73,2.0,7.0
1550369649.1806,2036.8790,10024.4062,260.09,1.70,2.0,7.0
1550369650.2423,2036.8788,10024.4068,255.92,1.80,2.0,7.0
1550369651.1897,2036.8786,10024.4073,253.52,1.69,2.0,7.0
1550369652.4729,2036.8785,10024.4077,255.92,1.61,2.0,7.0
1550369653.1789,2036.8783,10024.4084,254.29,1.88,2.0,7.0
1550369654.1922,2036.8781,10024.4088,252.31,1.79,2.0,7.0
1550369655.1793,2036.8777,10024.4091,240.85,1.88,2.0,7.0
1550369656.1910,2036.8773,10024.4093,233.79,1.76,2.0,7.0
1550369657.4730,2036.8769,10024.4094,224.65,1.54,2.0,7.0
1550369658.3019,2036.8766,10024.4096,219.04,1.39,2.0,7.0
1550369659.2388,2036.8762,10024.4098,216.03,1.43,2.0,7.0
1550369660.2919,2036.8758,10024.4102,214.07,1.73,2.0,7.0
1550369661.2285,2036.8754,10024.4104,209.03,1.73,2.0,7.0
1550369662.5794,2036.8750,10024.4106,207.71,1.69,2.0,7.0
1550369663.2419,2036.8745,10024.4108,200.07,1.78,2.0,7.0
1550369664.3119,2036.8740,10024.4108,195.94,1.72,2.0,7.0
1550369665.2519,2036.8736,10024.4109,193.40,1.66,2.0,7.0
1550369666.2097,2036.8732,10024.4110,189.91,1.49,2.0,7.0
1550369667.5116,2036.8728,10024.4109,181.23,1.46,2.0,7.0
1550369668.2128,2036.8724,10024.4111,184.16,1.50,2.0,7.0
1550369669.1985,2036.8720,10024.4111,180.83,1.50,2.0,7.0
1550369670.2817,2036.8717,10024.4110,170.14,1.30,2.0,7.0
1550369671.2343,2036.8713,10024.4109,165.28,1.30,2.0,7.0
1550369672.5194,2036.8710,10024.4107,152.56,1.26,2.0,7.0
1550369673.1719,2036.8709,10024.4107,149.82,1.10,2.0,7.0
1550369674.8820,2036.8705,10024.4103,144.44,1.25,2.0,7.0
1550369675.2236,2036.8703,10024.4101,139.03,1.23,2.0,7.0
1550369676.2528,2036.8701,10024.4099,132.37,1.24,2.0,7.0
1550369677.4766,2036.8700,10024.4095,119.07,1.20,2.0,7.0
1550369678.1810,2036.8697,10024.4092,130.35,1.31,2.0,7.0
1550369679.4020,2036.8695,10024.4090,128.38,1.25,2.0,7.0
1550369680.2419,2036.8693,10024.4086,118.53,1.26,2.0,7.0
1550369681.2865,2036.8691,10024.4083,122.58,1.26,2.0,7.0
1550369682.5023,2036.8689,10024.4079,115.85,1.34,2.0,7.0
1550369683.1653,2036.8690,10024.4078,110.18,1.14,2.0,7.0
1550369684.2413,2036.8690,10024.4075,110.27,1.18,2.0,7.0
1550369685.2643,2036.8687,10024.4073,123.71,1.40,2.0,7.0
1550369686.2815,2036.8687,10024.4069,109.09,1.44,2.0,7.0
1550369687.4978,2036.8688,10024.4065,95.01,1.40,2.0,7.0
1550369688.2602,2036.8689,10024.4061,89.14,1.41,2.0,7.0
1550369689.2619,2036.8690,10024.4057,90.21,1.44,2.0,7.0
1550369690.3115,2036.8690,10024.4052,91.22,1.63,2.0,7.0
1550369691.2919,2036.8690,10024.4049,99.25,1.41,2.0,7.0
1550369692.5514,2036.8691,10024.4046,85.24,1.29,2.0,7.0
1550369693.1792,2036.8692,10024.4043,78.38,1.27,2.0,7.0
1550369694.1914,2036.8693,10024.4038,79.84,1.43,2.0,7.0
1550369695.1796,2036.8694,10024.4032,80.14,1.68,2.0,7.0
1550369696.1917,2036.8695,10024.4027,81.10,1.65,2.0,7.0
1550369697.5095,2036.8696,10024.4023,82.02,1.55,2.0,7.0
1550369698.1702,2036.8697,10024.4019,76.31,1.45,2.0,7.0
1550369699.1824,2036.8697,10024.4013,81.37,1.55,2.0,7.0
1550369700.2197,2036.8698,10024.4008,83.79,1.52,2.0,7.0
1550369701.2318,2036.8698,10024.4004,82.70,1.42,2.0,7.0
1550369702.4948,2036.8699,10024.4002,80.71,1.26,2.0,7.0
1550369703.2245,2036.8699,10024.4000,81.81,1.16,2.0,7.0
1550369704.1761,2036.8700,10024.3995,79.43,1.36,2.0,7.0
1550369705.2314,2036.8701,10024.3990,78.50,1.44,2.0,7.0
1550369706.2340,2036.8702,10024.3986,73.14,1.47,2.0,7.0
1550369707.7922,2036.8704,10024.3982,73.63,1.50,2.0,7.0
1550369708.2868,2036.8704,10024.3977,77.37,1.46,2.0,7.0
1550369709.1796,2036.8708,10024.3969,66.82,1.96,2.0,7.0
1550369710.2819,2036.8710,10024.3969,68.32,1.14,2.0,7.0
1550369712.0019,2036.8711,10024.3960,79.02,1.46,2.0,7.0
1550369712.8119,2036.8712,10024.3954,74.70,1.64,2.0,7.0
1550369713.3019,2036.8714,10024.3950,67.75,1.87,2.0,7.0
1550369714.2043,2036.8716,10024.3944,80.30,1.72,2.0,7.0
1550369715.1925,2036.8718,10024.3939,53.46,1.10,2.0,7.0
1550369716.1785,2036.8720,10024.3935,69.96,1.67,2.0,7.0
1550369717.5650,2036.8723,10024.3930,62.07,1.85,2.0,7.0
1550369718.2319,2036.8725,10024.3925,70.54,1.98,2.0,7.0
1550369719.2907,2036.8727,10024.3919,64.03,1.71,2.0,7.0
1550369720.2138,2036.8729,10024.3915,71.09,1.04,2.0,7.0
1550369721.2524,2036.8731,10024.3911,62.03,1.44,2.0,7.0
1550369722.5605,2036.8733,10024.3906,62.59,1.66,2.0,7.0
1550369723.1908,2036.8735,10024.3900,69.61,1.78,2.0,7.0
1550369724.2751,2036.8736,10024.3896,68.15,1.64,2.0,7.0
1550369725.2506,2036.8739,10024.3891,66.42,1.71,2.0,7.0
1550369726.5819,2036.8741,10024.3883,67.43,2.12,2.0,7.0
1550369727.9610,2036.8746,10024.3883,48.37,1.71,2.0,7.0
1550369728.8148,2036.8749,10024.3876,62.03,1.81,2.0,7.0
1550369729.9381,2036.8751,10024.3870,66.10,1.85,2.0,7.0
1550369730.2580,2036.8754,10024.3866,55.55,1.73,2.0,7.0
1550369731.2468,2036.8757,10024.3860,63.20,1.86,2.0,7.0
1550369732.4901,2036.8758,10024.3853,71.40,1.80,2.0,7.0
1550369733.2433,2036.8761,10024.3848,64.45,2.05,2.0,7.0
1550369734.2564,2036.8762,10024.3841,83.37,2.36,2.0,7.0
1550369735.3119,2036.8764,10024.3835,57.66,1.82,2.0,7.0
1550369736.2503,2036.8767,10024.3829,63.88,1.68,2.0,7.0
1550369737.9057,2036.8770,10024.3823,60.38,2.23,2.0,7.0
1550369738.1968,2036.8772,10024.3817,74.03,1.82,2.0,7.0
1550369739.5316,2036.8774,10024.3812,61.99,1.49,2.0,7.0
1550369740.7334,2036.8776,10024.3807,67.68,1.71,2.0,7.0
1550369741.2022,2036.8777,10024.3800,85.81,2.31,2.0,7.0
1550369742.5778,2036.8777,10024.3794,79.11,1.66,2.0,7.0
1550369743.3374,2036.8778,10024.3789,69.97,1.68,2.0,7.0
1550369744.2685,2036.8781,10024.3783,59.68,2.01,2.0,7.0
1550369745.2500,2036.8782,10024.3778,76.10,1.45,2.0,7.0
1550369746.3732,2036.8784,10024.3774,67.35,1.48,2.0,7.0
1550369747.5107,2036.8785,10024.3770,72.55,1.41,2.0,7.0
1550369748.2619,2036.8788,10024.3764,63.02,1.83,2.0,7.0
1550369749.8919,2036.8790,10024.3759,60.11,1.73,2.0,7.0
1550369750.2269,2036.8792,10024.3755,85.26,1.25,2.0,7.0
1550369751.1798,2036.8796,10024.3751,43.43,1.63,2.0,7.0
1550369752.5543,2036.8799,10024.3747,45.43,1.28,2.0,7.0
1550369753.1750,2036.8800,10024.3745,53.03,0.99,2.0,7.0
1550369754.3981,2036.8802,10024.3743,50.57,1.06,2.0,7.0
1550369755.4019,2036.8804,10024.3739,55.38,1.09,2.0,7.0
1550369756.2046,2036.8807,10024.3736,50.44,1.12,2.0,7.0
1550369757.8836,2036.8810,10024.3732,45.98,1.31,2.0,7.0
1550369758.1748,2036.8813,10024.3728,51.20,1.44,2.0,7.0
1550369759.4050,2036.8816,10024.3726,40.60,1.40,2.0,7.0
1550369760.4060,2036.8819,10024.3725,22.42,1.17,2.0,7.0
1550369761.4076,2036.8822,10024.3723,33.24,1.15,2.0,7.0
1550369762.5119,2036.8826,10024.3718,38.56,1.56,2.0,7.0
1550369763.4102,2036.8829,10024.3715,40.75,1.53,2.0,7.0
1550369764.2771,2036.8831,10024.3711,50.32,1.18,2.0,7.0
1550369765.2196,2036.8834,10024.3709,46.15,1.10,2.0,7.0
1550369766.4142,2036.8836,10024.3706,44.84,0.97,2.0,7.0
1550369767.5124,2036.8839,10024.3702,43.64,1.25,2.0,7.0
1550369768.3961,2036.8842,10024.3699,46.83,1.12,2.0,7.0
1550369769.3919,2036.8846,10024.3700,358.11,1.13,2.0,7.0
1550369770.2783,2036.8850,10024.3695,18.04,1.09,2.0,7.0
1550369771.2605,2036.8853,10024.3694,10.83,1.12,2.0,7.0
1550369772.6821,2036.8857,10024.3694,354.99,1.35,2.0,7.0
1550369773.3868,2036.8861,10024.3695,335.91,1.26,2.0,7.0
1550369774.2877,2036.8865,10024.3694,351.29,1.32,2.0,7.0
1550369775.2630,2036.8869,10024.3693,358.35,1.28,2.0,7.0
1550369776.2875,2036.8873,10024.3693,357.05,1.15,2.0,7.0
1550369777.6119,2036.8876,10024.3694,356.01,1.16,2.0,7.0
1550369778.1938,2036.8880,10024.3695,352.24,1.33,2.0,7.0
1550369779.4019,2036.8882,10024.3696,312.92,1.01,2.0,7.0
1550369780.7564,2036.8884,10024.3698,316.72,0.93,2.0,7.0
1550369781.4369,2036.8886,10024.3699,315.35,0.75,2.0,7.0
1550369782.8921,2036.8887,10024.3701,303.23,0.74,2.0,7.0
1550369783.2059,2036.8889,10024.3702,298.27,0.68,2.0,7.0
1550369784.3266,2036.8891,10024.3705,315.99,1.08,2.0,7.0
1550369785.2719,2036.8892,10024.3707,284.56,0.87,2.0,7.0
1550369786.1988,2036.8894,10024.3713,293.66,1.33,2.0,7.0
1550369787.6369,2036.8895,10024.3716,284.32,1.07,2.0,7.0
1550369788.2649,2036.8896,10024.3719,288.17,1.07,2.0,7.0
1550369789.1895,2036.8896,10024.3722,275.03,1.12,2.0,7.0
1550369790.6682,2036.8899,10024.3729,293.55,1.73,2.0,7.0
1550369791.2497,2036.8899,10024.3736,272.03,1.92,2.0,7.0
1550369792.8407,2036.8899,10024.3740,253.11,1.38,2.0,7.0
1550369793.3414,2036.8900,10024.3746,282.30,1.60,2.0,7.0
1550369794.3428,2036.8900,10024.3752,259.16,1.70,2.0,7.0
1550369795.2319,2036.8899,10024.3756,253.94,1.55,2.0,7.0
1550369796.1744,2036.8897,10024.3759,240.63,1.43,2.0,7.0
1550369797.6784,2036.8895,10024.3764,245.89,1.53,2.0,7.0
1550369798.3481,2036.8893,10024.3767,230.26,1.34,2.0,7.0
1550369799.2273,2036.8891,10024.3772,235.61,1.43,2.0,7.0
1550369800.2906,2036.8889,10024.3776,233.10,1.50,2.0,7.0
1550369801.2248,2036.8887,10024.3778,222.92,1.34,2.0,7.0
1550369802.4859,2036.8884,10024.3781,214.96,1.40,2.0,7.0
1550369803.2296,2036.8881,10024.3784,217.40,1.29,2.0,7.0
1550369804.2175,2036.8878,10024.3786,211.78,1.37,2.0,7.0
1550369805.2653,2036.8874,10024.3788,210.00,1.54,2.0,7.0
1550369806.2919,2036.8871,10024.3791,214.07,1.37,2.0,7.0
1550369807.4948,2036.8867,10024.3791,196.16,1.48,2.0,7.0
1550369808.2056,2036.8863,10024.3792,192.05,1.50,2.0,7.0
1550369809.3083,2036.8859,10024.3793,191.95,1.47,2.0,7.0
1550369810.2500,2036.8854,10024.3794,191.66,1.67,2.0,7.0
1550369811.3000,2036.8850,10024.3793,180.78,1.56,2.0,7.0
1550369812.5429,2036.8844,10024.3796,189.31,1.87,2.0,7.0
1550369813.2038,2036.8839,10024.3797,180.08,1.74,2.0,7.0
1550369814.3465,2036.8835,10024.3798,187.36,1.09,2.0,7.0
1550369815.2434,2036.8830,10024.3795,162.04,1.73,2.0,7.0
1550369816.3550,2036.8826,10024.3794,157.84,1.41,2.0,7.0
1550369817.4989,2036.8819,10024.3792,167.40,2.13,2.0,7.0
1550369818.2357,2036.8814,10024.3790,150.48,1.44,2.0,7.0
1550369819.2592,2036.8811,10024.3787,133.79,1.48,2.0,7.0
1550369820.2219,2036.8807,10024.3785,144.98,1.42,2.0,7.0
1550369821.1979,2036.8806,10024.3780,117.63,1.45,2.0,7.0
1550369822.9986,2036.8804,10024.3776,115.70,1.55,2.0,7.0
1550369823.2181,2036.8801,10024.3773,120.40,1.46,2.0,7.0
1550369824.2819,2036.8799,10024.3768,124.60,1.56,2.0,7.0
1550369825.1979,2036.8797,10024.3764,117.88,1.49,2.0,7.0
1550369826.2477,2036.8796,10024.3763,116.36,0.99,2.0,7.0
1550369827.5504,2036.8795,10024.3758,99.71,1.44,2.0,7.0
1550369828.2619,2036.8795,10024.3753,78.91,1.31,2.0,7.0
1550369829.1771,2036.8795,10024.3749,93.89,1.25,2.0,7.0
1550369830.2419,2036.8798,10024.3745,64.75,1.47,2.0,7.0
1550369831.4732,2036.8798,10024.3739,83.64,1.62,2.0,7.0
1550369832.7987,2036.8799,10024.3735,79.74,1.66,2.0,7.0
1550369833.2994,2036.8801,10024.3730,73.47,1.51,2.0,7.0
1550369834.3219,2036.8803,10024.3727,62.60,1.37,2.0,7.0
1550369835.3020,2036.8805,10024.3724,57.13,1.35,2.0,7.0
1550369836.3119,2036.8808,10024.3721,48.04,1.41,2.0,7.0
1550369837.5772,2036.8809,10024.3718,66.44,1.19,2.0,7.0
1550369838.3019,2036.8810,10024.3715,66.61,1.16,2.0,7.0
1550369839.2674,2036.8812,10024.3709,72.11,1.34,2.0,7.0
1550369840.8871,2036.8814,10024.3704,71.65,1.36,2.0,7.0
1550369842.0095,2036.8814,10024.3698,93.88,1.72,2.0,7.0
1550369842.6395,2036.8813,10024.3695,119.98,0.57,2.0,7.0
1550369843.3519,2036.8814,10024.3692,82.87,0.94,2.0,7.0
1550369844.3019,2036.8815,10024.3688,89.13,1.13,2.0,7.0
1550369845.2020,2036.8815,10024.3684,93.59,1.06,2.0,7.0
1550369846.2046,2036.8815,10024.3679,97.35,1.46,2.0,7.0
1550369847.6064,2036.8816,10024.3673,80.15,1.71,2.0,7.0
1550369848.3220,2036.8817,10024.3666,79.05,1.94,2.0,7.0
1550369849.2111,2036.8818,10024.3659,72.02,1.76,2.0,7.0
1550369850.2131,2036.8818,10024.3653,107.77,1.88,2.0,7.0
1550369851.2813,2036.8817,10024.3647,97.84,1.92,2.0,7.0
1550369852.6111,2036.8816,10024.3641,93.27,1.92,2.0,7.0
1550369853.2028,2036.8816,10024.3635,88.47,1.89,2.0,7.0
1550369854.2521,2036.8816,10024.3629,91.11,1.69,2.0,7.0
1550369855.2848,2036.8817,10024.3624,85.33,1.66,2.0,7.0
1550369856.3419,2036.8817,10024.3619,90.68,1.71,2.0,7.0
1550369857.5619,2036.8817,10024.3613,99.02,1.40,2.0,7.0
1550369858.2719,2036.8816,10024.3609,113.81,1.49,2.0,7.0
1550369859.3019,2036.8813,10024.3603,118.65,2.04,2.0,7.0
1550369860.2241,2036.8811,10024.3598,90.66,1.27,2.0,7.0
1550369861.2927,2036.8809,10024.3592,116.26,1.58,2.0,7.0
1550369862.4948,2036.8807,10024.3586,115.98,1.62,2.0,7.0
1550369863.3049,2036.8806,10024.3580,105.12,1.71,2.0,7.0
1550369864.2440,2036.8806,10024.3576,100.76,1.54,2.0,7.0
1550369865.2663,2036.8803,10024.3572,115.78,1.50,2.0,7.0
1550369866.3919,2036.8802,10024.3567,111.88,1.66,2.0,7.0
1550369867.5679,2036.8799,10024.3563,125.17,1.72,2.0,7.0
1550369868.3019,2036.8797,10024.3559,116.41,1.56,2.0,7.0
1550369869.3047,2036.8795,10024.3555,120.17,1.62,2.0,7.0
1550369870.2510,2036.8793,10024.3550,116.53,1.82,2.0,7.0
1550369871.1889,2036.8789,10024.3545,129.59,1.96,2.0,7.0
1550369872.5440,2036.8786,10024.3539,120.47,1.98,2.0,7.0
1550369873.2038,2036.8784,10024.3532,113.73,2.05,2.0,7.0
1550369874.1798,2036.8781,10024.3527,123.53,2.09,2.0,7.0
1550369875.6606,2036.8778,10024.3523,123.80,2.00,2.0,7.0
1550369876.3219,2036.8775,10024.3517,121.79,2.10,2.0,7.0
1550369877.5774,2036.8772,10024.3512,128.60,1.64,2.0,7.0
1550369878.3256,2036.8770,10024.3509,124.87,1.29,2.0,7.0
1550369879.2422,2036.8767,10024.3506,142.36,1.38,2.0,7.0
1550369880.3243,2036.8765,10024.3502,127.74,1.39,2.0,7.0
1550369881.1831,2036.8765,10024.3499,116.29,1.14,2.0,7.0
1550369882.5549,2036.8762,10024.3496,138.66,1.33,2.0,7.0
1550369883.6120,2036.8759,10024.3491,127.08,1.39,2.0,7.0
1550369884.6020,2036.8756,10024.3485,127.88,1.64,2.0,7.0
1550369885.2606,2036.8754,10024.3481,126.39,1.45,2.0,7.0
1550369886.3970,2036.8752,10024.3475,120.22,1.66,2.0,7.0
1550369887.5160,2036.8750,10024.3469,110.42,1.50,2.0,7.0
1550369888.2013,2036.8749,10024.3463,108.49,1.64,2.0,7.0
1550369889.2719,2036.8747,10024.3457,113.56,1.69,2.0,7.0
1550369890.2309,2036.8745,10024.3452,114.89,1.78,2.0,7.0
1550369891.8420,2036.8742,10024.3446,115.91,1.86,2.0,7.0
1550369892.4952,2036.8740,10024.3438,118.16,2.03,2.0,7.0
1550369893.7219,2036.8737,10024.3431,115.47,2.26,2.0,7.0
1550369894.1911,2036.8735,10024.3425,109.50,2.36,2.0,7.0
1550369895.2339,2036.8732,10024.3420,129.34,2.02,2.0,7.0
1550369896.3564,2036.8731,10024.3415,102.74,1.58,2.0,7.0
1550369897.6619,2036.8729,10024.3408,110.22,2.47,2.0,7.0
1550369898.2694,2036.8726,10024.3400,122.33,2.31,2.0,7.0
1550369899.2424,2036.8723,10024.3395,124.07,1.50,2.0,7.0
1550369900.2943,2036.8721,10024.3388,109.06,2.85,2.0,7.0
1550369901.2893,2036.8719,10024.3382,110.16,1.45,2.0,7.0
1550369902.5919,2036.8718,10024.3378,110.82,1.18,2.0,7.0
1550369903.2373,2036.8715,10024.3372,122.11,1.60,2.0,7.0
1550369904.2411,2036.8713,10024.3367,126.22,1.60,2.0,7.0
1550369905.2418,2036.8710,10024.3365,142.94,1.61,2.0,7.0
1550369906.3269,2036.8706,10024.3360,131.87,1.59,2.0,7.0
1550369907.5994,2036.8704,10024.3356,128.42,1.56,2.0,7.0
1550369908.1943,2036.8701,10024.3349,123.06,1.81,2.0,7.0
1550369909.2467,2036.8698,10024.3342,121.26,1.91,2.0,7.0
1550369910.3206,2036.8696,10024.3337,120.12,2.01,2.0,7.0
1550369911.2136,2036.8693,10024.3330,119.21,2.22,2.0,7.0
1550369912.5970,2036.8690,10024.3323,121.41,2.21,2.0,7.0
1550369913.1793,2036.8688,10024.3318,123.80,1.87,2.0,7.0
1550369914.3019,2036.8684,10024.3308,126.00,2.26,2.0,7.0
1550369915.2984,2036.8682,10024.3302,115.80,2.13,2.0,7.0
1550369916.2893,2036.8679,10024.3296,125.76,2.16,2.0,7.0
1550369917.7219,2036.8676,10024.3290,116.21,2.92,2.0,7.0
1550369918.1905,2036.8673,10024.3284,125.19,1.75,2.0,7.0
1550369919.2085,2036.8671,10024.3278,134.15,1.77,2.0,7.0
1550369920.4147,2036.8668,10024.3274,119.75,1.76,2.0,7.0
1550369921.3919,2036.8667,10024.3271,133.94,1.11,2.0,7.0
1550369922.6303,2036.8665,10024.3266,130.30,1.79,2.0,7.0
1550369923.3019,2036.8661,10024.3262,134.16,1.91,2.0,7.0
1550369924.2087,2036.8659,10024.3257,125.35,1.76,2.0,7.0
1550369925.1911,2036.8658,10024.3252,116.41,1.51,2.0,7.0
1550369926.2025,2036.8656,10024.3250,130.13,1.36,2.0,7.0
1550369927.5335,2036.8655,10024.3244,118.15,1.57,2.0,7.0
1550369928.1719,2036.8654,10024.3239,118.17,1.66,2.0,7.0
1550369929.3491,2036.8650,10024.3233,129.91,1.88,2.0,7.0
1550369930.3719,2036.8647,10024.3228,124.67,1.83,2.0,7.0
1550369931.2956,2036.8646,10024.3221,105.45,1.84,2.0,7.0
1550369932.5690,2036.8646,10024.3218,101.75,1.41,2.0,7.0
1550369933.2275,2036.8644,10024.3214,113.98,1.58,2.0,7.0
1550369934.2881,2036.8640,10024.3209,125.23,1.74,2.0,7.0
1550369935.3119,2036.8636,10024.3202,126.53,2.08,2.0,7.0
1550369936.1911,2036.8633,10024.3196,117.97,1.99,2.0,7.0
1550369937.5919,2036.8630,10024.3191,117.06,1.58,2.0,7.0
1550369938.2519,2036.8628,10024.3187,117.67,1.71,2.0,7.0
1550369939.1819,2036.8626,10024.3181,121.38,1.94,2.0,7.0
1550369940.2174,2036.8623,10024.3176,124.82,1.84,2.0,7.0
1550369941.3319,2036.8621,10024.3170,114.18,1.91,2.0,7.0
1550369942.6374,2036.8620,10024.3166,94.38,1.50,2.0,7.0
1550369943.6293,2036.8619,10024.3163,110.38,0.94,2.0,7.0
1550369944.2488,2036.8617,10024.3156,112.69,2.07,2.0,7.0
1550369945.2749,2036.8615,10024.3151,111.20,1.91,2.0,7.0
1550369946.3035,2036.8613,10024.3145,114.62,1.95,2.0,7.0
1550369947.5782,2036.8611,10024.3139,112.68,1.94,2.0,7.0
1550369948.2488,2036.8609,10024.3134,114.45,1.98,2.0,7.0
1550369949.2103,2036.8606,10024.3130,121.95,1.95,2.0,7.0
1550369950.2620,2036.8603,10024.3122,112.90,2.24,2.0,7.0
1550369951.2969,2036.8600,10024.3117,121.50,2.09,2.0,7.0
1550369952.5315,2036.8599,10024.3111,98.84,1.94,2.0,7.0
1550369953.2853,2036.8595,10024.3105,128.68,2.60,2.0,7.0
1550369954.2880,2036.8592,10024.3101,129.94,1.15,2.0,7.0
1550369955.5281,2036.8588,10024.3095,117.68,2.08,2.0,7.0
1550369956.5028,2036.8582,10024.3087,120.37,2.60,2.0,7.0
1550369957.5038,2036.8578,10024.3082,129.43,2.17,2.0,7.0
1550369958.7179,2036.8574,10024.3077,117.93,2.21,2.0,7.0
1550369959.6140,2036.8570,10024.3073,125.47,1.39,2.0,7.0
1550369960.3020,2036.8566,10024.3070,126.24,1.84,2.0,7.0
1550369961.2880,2036.8563,10024.3066,123.87,1.67,2.0,7.0
1550369962.5497,2036.8561,10024.3063,115.70,1.57,2.0,7.0
1550369963.2683,2036.8556,10024.3059,132.52,2.03,2.0,7.0
1550369964.1876,2036.8554,10024.3058,128.81,1.49,2.0,7.0
1550369965.2274,2036.8550,10024.3054,122.85,2.07,2.0,7.0
1550369966.4060,2036.8546,10024.3051,137.56,1.40,2.0,7.0
1550369967.4802,2036.8541,10024.3048,147.50,1.86,2.0,7.0
1550369968.2534,2036.8536,10024.3045,143.11,1.81,2.0,7.0
1550369969.2419,2036.8532,10024.3041,139.78,1.76,2.0,7.0
1550369970.1554,2036.8528,10024.3033,121.87,2.33,2.0,7.0
1550369971.2334,2036.8524,10024.3026,125.76,2.43,2.0,7.0
1550369972.4886,2036.8520,10024.3022,122.66,1.80,2.0,7.0
1550369973.1945,2036.8517,10024.3017,127.68,2.14,2.0,7.0
1550369974.2078,2036.8514,10024.3011,109.92,2.03,2.0,7.0
1550369975.2881,2036.8512,10024.3005,103.83,2.37,2.0,7.0
1550369976.1909,2036.8510,10024.2999,112.79,1.76,2.0,7.0
1550369977.5924,2036.8508,10024.2993,122.90,2.14,2.0,7.0
1550369978.2084,2036.8506,10024.2987,94.76,2.70,2.0,7.0
1550369979.1998,2036.8505,10024.2982,101.09,1.59,2.0,7.0
1550369980.2111,2036.8504,10024.2976,87.40,1.63,2.0,7.0
1550369981.2574,2036.8505,10024.2972,87.92,1.25,2.0,7.0
1550369982.4944,2036.8504,10024.2967,102.04,1.44,2.0,7.0
1550369983.2036,2036.8503,10024.2963,106.69,1.63,2.0,7.0
1550369984.3120,2036.8502,10024.2960,96.97,1.42,2.0,7.0
1550369985.2344,2036.8501,10024.2956,99.88,1.44,2.0,7.0
1550369986.2656,2036.8501,10024.2951,87.74,1.84,2.0,7.0
1550369987.5780,2036.8502,10024.2945,83.83,1.88,2.0,7.0
1550369988.2135,2036.8501,10024.2940,91.44,1.78,2.0,7.0
1550369989.2369,2036.8501,10024.2935,91.26,1.75,2.0,7.0
1550369990.2383,2036.8501,10024.2929,86.74,1.96,2.0,7.0
1550369991.4563,2036.8501,10024.2925,93.46,1.67,2.0,7.0
1550369992.5920,2036.8501,10024.2922,108.01,1.28,2.0,7.0
1550369993.1864,2036.8502,10024.2916,74.81,1.62,2.0,7.0
1550369994.2220,2036.8504,10024.2912,71.37,1.50,2.0,7.0
1550369995.2573,2036.8503,10024.2904,93.83,1.90,2.0,7.0
1550369996.2834,2036.8505,10024.2901,56.63,1.78,2.0,7.0
1550369997.6110,2036.8506,10024.2899,65.68,1.28,2.0,7.0
1550369998.2942,2036.8508,10024.2896,54.54,1.40,2.0,7.0
1550369999.4352,2036.8509,10024.2893,71.74,1.25,2.0,7.0
1550370000.3975,2036.8510,10024.2884,74.18,1.89,2.0,7.0
1550370001.2419,2036.8511,10024.2881,66.15,0.30,2.0,7.0
1550370002.5824,2036.8512,10024.2875,74.11,1.25,2.0,7.0
1550370003.2019,2036.8512,10024.2870,82.37,1.50,2.0,7.0
1550370004.2024,2036.8512,10024.2866,85.57,1.52,2.0,7.0
1550370005.3406,2036.8516,10024.2859,71.14,1.99,2.0,7.0
1550370006.1820,2036.8519,10024.2853,71.81,2.14,2.0,7.0
1550370007.5594,2036.8521,10024.2847,66.51,1.45,2.0,7.0
1550370008.2507,2036.8522,10024.2843,66.39,1.07,2.0,7.0
1550370009.7819,2036.8524,10024.2840,64.86,1.01,2.0,7.0
1550370010.2286,2036.8525,10024.2838,68.74,1.07,2.0,7.0
1550370011.2688,2036.8526,10024.2833,80.74,1.25,2.0,7.0
1550370012.5946,2036.8527,10024.2828,73.94,1.32,2.0,7.0
1550370013.2147,2036.8528,10024.2823,70.35,1.49,2.0,7.0
1550370014.1893,2036.8530,10024.2818,68.26,1.49,2.0,7.0
1550370015.3013,2036.8531,10024.2813,74.64,1.42,2.0,7.0
1550370016.2585,2036.8531,10024.2807,80.80,1.48,2.0,7.0
1550370017.5648,2036.8532,10024.2802,84.75,1.49,2.0,7.0
1550370018.2324,2036.8533,10024.2798,71.77,1.52,2.0,7.0
1550370019.3740,2036.8537,10024.2795,49.49,1.42,2.0,7.0
1550370020.3019,2036.8537,10024.2791,71.21,1.26,2.0,7.0
1550370021.2257,2036.8538,10024.2787,70.58,1.17,2.0,7.0
1550370022.5503,2036.8540,10024.2782,68.56,1.51,2.0,7.0
1550370023.3019,2036.8541,10024.2778,69.84,1.56,2.0,7.0
1550370024.2144,2036.8542,10024.2771,68.74,1.88,2.0,7.0
1550370025.1790,2036.8543,10024.2765,76.80,1.83,2.0,7.0
1550370026.2409,2036.8543,10024.2759,77.80,1.87,2.0,7.0
1550370027.7183,2036.8543,10024.2753,83.23,1.80,2.0,7.0
1550370028.2100,2036.8547,10024.2745,60.22,2.07,2.0,7.0
1550370029.3019,2036.8549,10024.2738,72.19,2.08,2.0,7.0
1550370030.2479,2036.8551,10024.2732,55.29,2.04,2.0,7.0
1550370031.2819,2036.8553,10024.2725,71.78,2.11,2.0,7.0
1550370032.5408,2036.8555,10024.2719,67.58,2.01,2.0,7.0
1550370033.1986,2036.8558,10024.2710,62.40,2.62,2.0,7.0
1550370034.2060,2036.8561,10024.2701,65.60,2.28,2.0,7.0
1550370035.2019,2036.8564,10024.2693,69.12,1.92,2.0,7.0
1550370036.1978,2036.8566,10024.2687,69.76,2.16,2.0,7.0
1550370037.5678,2036.8567,10024.2681,86.79,1.85,2.0,7.0
1550370038.2595,2036.8568,10024.2676,67.48,1.60,2.0,7.0
1550370039.3219,2036.8569,10024.2671,68.75,1.39,2.0,7.0
1550370040.8382,2036.8570,10024.2667,74.38,1.42,2.0,7.0
1550370041.4393,2036.8572,10024.2661,75.18,1.58,2.0,7.0
1550370042.5042,2036.8576,10024.2654,58.30,1.93,2.0,7.0
1550370043.1740,2036.8578,10024.2649,79.53,1.55,2.0,7.0
1550370044.2988,2036.8579,10024.2642,77.85,2.81,2.0,7.0
1550370045.1961,2036.8581,10024.2636,54.83,1.56,2.0,7.0
1550370046.3419,2036.8584,10024.2632,50.74,1.66,2.0,7.0
1550370047.7780,2036.8586,10024.2627,69.62,1.60,2.0,7.0
1550370048.2731,2036.8589,10024.2622,42.80,1.79,2.0,7.0
1550370049.3013,2036.8593,10024.2616,47.79,2.45,2.0,7.0
1550370050.2661,2036.8596,10024.2606,64.08,1.71,2.0,7.0
1550370051.2711,2036.8598,10024.2599,73.62,2.24,2.0,7.0
1550370052.5224,2036.8600,10024.2594,69.39,1.66,2.0,7.0
1550370053.2019,2036.8602,10024.2590,63.53,1.82,2.0,7.0
1550370054.2587,2036.8604,10024.2584,62.26,1.93,2.0,7.0
1550370055.4920,2036.8606,10024.2578,76.64,2.19,2.0,7.0
1550370056.2402,2036.8607,10024.2571,69.14,2.00,2.0,7.0
1550370057.5079,2036.8609,10024.2565,69.35,1.84,2.0,7.0
1550370058.2245,2036.8611,10024.2559,62.43,2.34,2.0,7.0
1550370059.1923,2036.8614,10024.2554,57.83,1.40,2.0,7.0
1550370060.2241,2036.8615,10024.2550,67.46,1.54,2.0,7.0
1550370061.2358,2036.8617,10024.2545,64.20,1.50,2.0,7.0
1550370062.5631,2036.8620,10024.2540,61.12,1.78,2.0,7.0
1550370063.1941,2036.8622,10024.2534,61.24,1.78,2.0,7.0
1550370064.2056,2036.8624,10024.2528,65.93,1.79,2.0,7.0
1550370065.3311,2036.8625,10024.2521,66.39,1.89,2.0,7.0
1550370066.2220,2036.8628,10024.2516,60.25,1.85,2.0,7.0
1550370067.5619,2036.8628,10024.2510,70.53,1.89,2.0,7.0
1550370068.5987,2036.8630,10024.2507,69.95,1.60,2.0,8.0
1550370069.1021,2036.8631,10024.2500,82.58,2.06,2.0,8.0
1550370069.8968,2036.8632,10024.2493,81.48,2.12,2.0,8.0
1550370070.9476,2036.8634,10024.2486,77.42,2.34,2.0,8.0
1550370072.2480,2036.8636,10024.2479,74.44,1.86,2.0,8.0
1550370072.8986,2036.8637,10024.2471,83.56,2.47,2.0,8.0
1550370073.8993,2036.8638,10024.2463,88.17,2.01,2.0,8.0
1550370074.9000,2036.8639,10024.2458,78.29,1.74,2.0,8.0
1550370075.9495,2036.8641,10024.2452,76.60,2.07,2.0,8.0
1550370077.2028,2036.8643,10024.2447,68.14,1.65,2.0,8.0
1550370077.9019,2036.8644,10024.2443,84.43,1.65,2.0,8.0
1550370078.9024,2036.8645,10024.2439,73.04,1.48,2.0,8.0
1550370079.8981,2036.8647,10024.2435,63.95,1.52,2.0,8.0
1550370080.8861,2036.8649,10024.2431,58.41,1.70,2.0,8.0
1550370082.1902,2036.8652,10024.2427,59.15,1.62,2.0,8.0
1550370082.8736,2036.8652,10024.2425,78.74,1.01,2.0,8.0
1550370083.9038,2036.8659,10024.2427,65.80,1.11,2.0,8.0
1550370084.8727,2036.8662,10024.2423,68.64,1.25,2.0,8.0
1550370085.9219,2036.8663,10024.2420,72.91,1.33,2.0,8.0
1550370087.2919,2036.8664,10024.2416,76.01,1.31,2.0,8.0
1550370087.9087,2036.8665,10024.2412,74.77,1.14,2.0,8.0
1550370088.9124,2036.8667,10024.2405,75.65,1.01,2.0,8.0
1550370090.3420,2036.8666,10024.2396,88.89,1.14,2.0,8.0
1550370091.3019,2036.8667,10024.2390,80.11,1.14,2.0,8.0
1550370092.6609,2036.8666,10024.2384,100.72,1.07,2.0,8.0
1550370093.3827,2036.8666,10024.2380,98.80,1.07,2.0,8.0
1550370094.3568,2036.8666,10024.2375,96.50,1.17,2.0,8.0
1550370095.2801,2036.8665,10024.2369,99.09,1.36,2.0,8.0
1550370096.2642,2036.8664,10024.2363,101.57,1.22,2.0,8.0
1550370097.6004,2036.8663,10024.2355,106.93,1.35,2.0,8.0
1550370098.2290,2036.8666,10024.2346,85.75,1.44,2.0,8.0
1550370099.2427,2036.8667,10024.2336,93.68,1.25,2.0,8.0
1550370100.2453,2036.8667,10024.2328,94.31,1.13,2.0,8.0
1550370101.1972,2036.8672,10024.2316,73.72,1.00,2.0,8.0
1550370102.5981,2036.8674,10024.2310,93.08,0.29,2.0,8.0
1550370103.2007,2036.8673,10024.2306,115.38,0.46,2.0,8.0
1550370104.2349,2036.8671,10024.2297,146.37,0.62,2.0,8.0
1550370105.2650,2036.8669,10024.2290,152.96,0.75,2.0,8.0
1550370106.2180,2036.8668,10024.2286,164.55,0.78,2.0,8.0
1550370107.5688,2036.8670,10024.2281,159.26,0.46,2.0,8.0
1550370108.2530,2036.8669,10024.2280,162.25,0.40,2.0,8.0
1550370109.2715,2036.8667,10024.2276,161.85,0.47,2.0,7.0
1550370110.4979,2036.8665,10024.2276,170.47,0.50,2.0,8.0
1550370111.3843,2036.8664,10024.2275,163.56,0.46,2.0,8.0
1550370112.5119,2036.8663,10024.2275,158.71,0.46,2.0,8.0
1550370113.4219,2036.8662,10024.2274,158.35,0.46,2.0,8.0
1550370114.3968,2036.8660,10024.2274,161.63,0.41,2.0,8.0
1550370115.2992,2036.8659,10024.2274,167.53,0.32,2.0,8.0
1550370116.2332,2036.8658,10024.2273,158.38,0.29,2.0,8.0
1550370117.4367,2036.8658,10024.2273,154.73,0.33,2.0,8.0
1550370118.2520,2036.8657,10024.2273,155.55,0.47,2.0,8.0
1550370119.1397,2036.8656,10024.2272,168.85,0.50,2.0,8.0
1550370120.1889,2036.8654,10024.2272,167.09,0.47,2.0,8.0
1550370121.2008,2036.8653,10024.2271,149.28,0.40,2.0,8.0
1550370122.4428,2036.8652,10024.2271,118.68,0.40,2.0,8.0
1550370123.1977,2036.8652,10024.2270,123.37,0.43,2.0,8.0
1550370124.2634,2036.8651,10024.2268,127.95,0.51,2.0,8.0
1550370125.2019,2036.8650,10024.2267,109.37,0.68,2.0,8.0
1550370126.2365,2036.8649,10024.2262,123.37,0.70,2.0,8.0
1550370127.4819,2036.8651,10024.2257,116.30,0.70,2.0,8.0
1550370128.2150,2036.8652,10024.2253,112.57,0.69,2.0,8.0
1550370129.1883,2036.8649,10024.2249,113.82,0.77,2.0,8.0
1550370130.3418,2036.8648,10024.2243,113.13,0.86,2.0,8.0
1550370131.1526,2036.8645,10024.2242,119.82,0.82,2.0,8.0
1550370132.6931,2036.8643,10024.2238,121.51,0.84,2.0,8.0
1550370133.2679,2036.8642,10024.2236,123.22,0.78,2.0,8.0
1550370134.1932,2036.8641,10024.2232,119.84,0.79,2.0,8.0
1550370135.2819,2036.8641,10024.2228,113.24,0.77,2.0,8.0
1550370136.1955,2036.8636,10024.2223,122.74,0.75,2.0,8.0
1550370137.8419,2036.8636,10024.2220,119.52,0.71,2.0,8.0
1550370138.1468,2036.8634,10024.2218,119.83,0.73,2.0,8.0
1550370139.3336,2036.8634,10024.2216,119.22,0.71,2.0,8.0
1550370140.1510,2036.8631,10024.2214,131.76,0.69,2.0,8.0
1550370141.1540,2036.8632,10024.2209,130.43,0.66,2.0,8.0
1550370142.6407,2036.8630,10024.2209,145.68,0.59,2.0,8.0
1550370143.1492,2036.8629,10024.2203,139.07,0.61,2.0,8.0
1550370144.1391,2036.8627,10024.2201,138.78,0.60,2.0,8.0
1550370145.1511,2036.8624,10024.2200,144.79,0.60,2.0,8.0
1550370146.6269,2036.8620,10024.2193,140.84,0.75,2.0,8.0
1550370147.9042,2036.8617,10024.2187,135.95,0.85,2.0,8.0
1550370148.2886,2036.8615,10024.2184,136.44,0.86,2.0,8.0
1550370149.2035,2036.8611,10024.2179,137.18,0.89,2.0,8.0
1550370150.2537,2036.8612,10024.2167,128.97,0.92,2.0,8.0
1550370151.1331,2036.8613,10024.2157,122.88,0.94,2.0,8.0
1550370152.5549,2036.8612,10024.2157,128.13,0.86,2.0,8.0
1550370153.3062,2036.8612,10024.2158,124.31,0.75,2.0,8.0
1550370154.1819,2036.8613,10024.2160,128.79,0.59,2.0,8.0
1550370155.2567,2036.8616,10024.2162,124.43,0.47,2.0,8.0
1550370156.2520,2036.8613,10024.2163,133.94,0.42,2.0,8.0
1550370157.4859,2036.8601,10024.2167,174.20,0.52,2.0,8.0
1550370158.8300,2036.8596,10024.2169,187.03,0.61,2.0,8.0
1550370159.1427,2036.8592,10024.2152,163.98,0.66,2.0,8.0
1550370160.2677,2036.8592,10024.2138,148.78,0.66,2.0,8.0
1550370161.1693,2036.8589,10024.2126,150.07,0.68,2.0,8.0
1550370162.4452,2036.8589,10024.2114,137.49,0.70,2.0,8.0
1550370163.2021,2036.8589,10024.2106,130.57,0.67,2.0,8.0
1550370164.1832,2036.8587,10024.2104,128.49,0.55,2.0,8.0
1550370165.3331,2036.8581,10024.2099,136.37,0.67,2.0,8.0
1550370166.5519,2036.8580,10024.2097,138.11,0.65,2.0,8.0
1550370167.4974,2036.8579,10024.2095,136.02,0.66,2.0,8.0
1550370168.2773,2036.8579,10024.2096,135.24,0.56,2.0,8.0
1550370169.1889,2036.8577,10024.2093,130.73,0.60,2.0,8.0
1550370170.2006,2036.8575,10024.2091,131.44,0.61,2.0,8.0
1550370171.1290,2036.8572,10024.2088,132.10,0.67,2.0,8.0
1550370172.4566,2036.8569,10024.2085,135.77,0.69,2.0,8.0
1550370173.1433,2036.8568,10024.2084,135.90,0.64,2.0,8.0
1550370174.1719,2036.8567,10024.2083,134.05,0.61,2.0,8.0
1550370175.5095,2036.8562,10024.2080,139.76,0.68,2.0,8.0
1550370176.1699,2036.8560,10024.2078,140.17,0.74,2.0,8.0
1550370177.5122,2036.8558,10024.2076,139.60,0.75,2.0,8.0
1550370178.1323,2036.8557,10024.2080,148.24,0.71,2.0,8.0
1550370179.1519,2036.8555,10024.2083,154.84,0.68,2.0,8.0
1550370180.2912,2036.8553,10024.2088,170.94,0.67,2.0,8.0
1550370181.1673,2036.8551,10024.2089,174.56,0.67,2.0,8.0
1550370182.4648,2036.8549,10024.2090,178.70,0.69,2.0,8.0
1550370183.4744,2036.8547,10024.2090,181.43,0.70,2.0,8.0
1550370184.1743,2036.8546,10024.2091,185.53,0.70,2.0,8.0
1550370185.1730,2036.8544,10024.2093,189.45,0.70,2.0,8.0
1550370186.1281,2036.8542,10024.2094,191.60,0.72,2.0,8.0
1550370187.4247,2036.8540,10024.2109,204.02,0.82,2.0,8.0
1550370188.1813,2036.8538,10024.2114,207.23,0.86,2.0,8.0
1550370189.2106,2036.8537,10024.2116,210.47,0.85,2.0,8.0
1550370190.1926,2036.8536,10024.2122,215.98,0.90,2.0,8.0
1550370191.1761,2036.8537,10024.2146,226.34,1.05,2.0,8.0
1550370192.4298,2036.8535,10024.2149,226.84,1.04,2.0,8.0
1550370193.1368,2036.8534,10024.2151,227.97,1.01,2.0,8.0
1550370194.1375,2036.8535,10024.2154,229.85,0.98,2.0,8.0
1550370195.1819,2036.8538,10024.2174,238.54,1.02,2.0,8.0
1550370196.1959,2036.8544,10024.2194,247.07,0.97,2.0,8.0
1550370197.4419,2036.8547,10024.2201,251.79,0.89,2.0,8.0
1550370198.3019,2036.8550,10024.2208,257.10,0.85,2.0,8.0
1550370199.1711,2036.8552,10024.2217,259.56,0.91,2.0,8.0
1550370200.1446,2036.8553,10024.2221,261.14,0.94,2.0,8.0
1550370201.3019,2036.8555,10024.2231,262.13,1.03,2.0,8.0
1550370202.6217,2036.8552,10024.2237,260.13,1.08,2.0,8.0
1550370203.1935,2036.8553,10024.2244,260.74,1.13,2.0,7.0
1550370204.4519,2036.8552,10024.2251,259.65,1.17,2.0,7.0
1550370205.2504,2036.8551,10024.2255,257.85,1.18,2.0,7.0
1550370206.1457,2036.8550,10024.2259,256.31,1.19,2.0,7.0
1550370207.4821,2036.8548,10024.2262,255.08,1.19,2.0,7.0
1550370208.2276,2036.8546,10024.2264,252.84,1.18,2.0,7.0
1550370209.1591,2036.8545,10024.2266,252.55,1.16,2.0,7.0
1550370210.1513,2036.8546,10024.2266,252.76,1.09,2.0,7.0
1550370211.1833,2036.8545,10024.2270,252.29,1.08,2.0,7.0
1550370212.4987,2036.8547,10024.2279,254.95,1.08,2.0,7.0
1550370213.1664,2036.8548,10024.2285,255.72,1.10,2.0,7.0
1550370214.1073,2036.8548,10024.2290,255.53,1.17,2.0,7.0
1550370215.1318,2036.8548,10024.2292,255.59,1.05,2.0,7.0
1550370216.2629,2036.8548,10024.2290,254.96,0.99,2.0,7.0
1550370217.4808,2036.8552,10024.2262,254.05,0.36,2.0,7.0
1550370218.6509,2036.8551,10024.2253,238.45,0.19,2.0,6.0
